mach,alpha,cd,cl
0.00,-3.65,0.00749,-0.3705
0.00,-2.74,0.00661,-0.2694
0.00,-1.80,0.00615,-0.1644
0.00,-1.04,0.00568,-0.0691
0.00,-0.12,0.00783,0.0298
0.00,-0.09,0.00649,0.0336
0.00,1.84,0.00543,0.2495
0.00,3.51,0.00588,0.4409
0.00,5.29,0.00797,0.6379
0.00,6.11,0.00905,0.7334
0.00,6.99,0.00987,0.8205
0.00,7.85,0.01207,0.8962
0.00,8.84,0.01250,1.0028
0.00,9.65,0.01364,1.0395
0.00,10.68,0.02728,1.0648
0.10,-3.65,0.00749,-0.3705
0.10,-2.74,0.00661,-0.2694
0.10,-1.80,0.00615,-0.1644
0.10,-1.04,0.00568,-0.0691
0.10,-0.12,0.00783,0.0298
0.10,-0.09,0.00649,0.0336
0.10,1.84,0.00543,0.2495
0.10,3.51,0.00588,0.4409
0.10,5.29,0.00797,0.6379
0.10,6.11,0.00905,0.7334
0.10,6.99,0.00987,0.8205
0.10,7.85,0.01207,0.8962
0.10,8.84,0.01250,1.0028
0.10,9.65,0.01364,1.0395
0.10,10.68,0.02728,1.0648
0.20,-3.65,0.00749,-0.3705
0.20,-2.74,0.00661,-0.2694
0.20,-1.80,0.00615,-0.1644
0.20,-1.04,0.00568,-0.0691
0.20,-0.12,0.00783,0.0298
0.20,-0.09,0.00649,0.0336
0.20,1.84,0.00543,0.2495
0.20,3.51,0.00588,0.4409
0.20,5.29,0.00797,0.6379
0.20,6.11,0.00905,0.7334
0.20,6.99,0.00987,0.8205
0.20,7.85,0.01207,0.8962
0.20,8.84,0.01250,1.0028
0.20,9.65,0.01364,1.0395
0.20,10.68,0.02728,1.0648
0.30,-3.65,0.00749,-0.3705
0.30,-2.74,0.00661,-0.2694
0.30,-1.80,0.00615,-0.1644
0.30,-1.04,0.00568,-0.0691
0.30,-0.12,0.00783,0.0298
0.30,-0.09,0.00649,0.0336
0.30,1.84,0.00543,0.2495
0.30,3.51,0.00588,0.4409
0.30,5.29,0.00797,0.6379
0.30,6.11,0.00905,0.7334
0.30,6.99,0.00987,0.8205
0.30,7.85,0.01207,0.8962
0.30,8.84,0.01250,1.0028
0.30,9.65,0.01364,1.0395
0.30,10.68,0.02728,1.0648
0.37,-3.65,0.00749,-0.3705
0.37,-2.74,0.00661,-0.2694
0.37,-1.80,0.00615,-0.1644
0.37,-1.04,0.00568,-0.0691
0.37,-0.12,0.00783,0.0298
0.37,-0.09,0.00649,0.0336
0.37,1.84,0.00543,0.2495
0.37,3.51,0.00588,0.4409
0.37,5.29,0.00797,0.6379
0.37,6.11,0.00905,0.7334
0.37,6.99,0.00987,0.8205
0.37,7.85,0.01207,0.8962
0.37,8.84,0.01250,1.0028
0.37,9.65,0.01364,1.0395
0.37,10.68,0.02728,1.0648
0.42,-3.51,0.00783,-0.3624
0.42,-2.69,0.00680,-0.2679
0.42,-1.85,0.00623,-0.1717
0.42,-1.06,0.00640,-0.0779
0.42,-0.11,0.00591,0.0329
0.42,-0.10,0.00539,0.0351
0.42,1.74,0.00645,0.2442
0.42,3.79,0.00693,0.4831
0.42,5.15,0.00796,0.6367
0.42,5.20,0.00783,0.6388
0.42,6.14,0.00763,0.7421
0.42,6.92,0.00982,0.8259
0.42,7.92,0.01242,0.9303
0.42,8.84,0.01609,0.9781
0.42,9.80,0.03064,1.0050
0.42,10.76,0.04628,1.0165
0.43,-3.64,0.00861,-0.3607
0.43,-2.75,0.00641,-0.2589
0.43,-1.89,0.00636,-0.1627
0.43,-0.96,0.00707,-0.0548
0.43,-0.06,0.00711,0.0452
0.43,-0.01,0.00710,0.0524
0.43,1.65,0.00709,0.2270
0.43,3.53,0.00767,0.4398
0.43,5.24,0.00777,0.6313
0.43,6.99,0.01010,0.8206
0.43,7.94,0.01048,0.9076
0.43,8.73,0.01827,0.9668
0.43,9.94,0.03423,0.9810
0.43,10.73,0.05481,0.9831
0.47,-3.60,0.01043,-0.3741
0.47,-2.75,0.00709,-0.2802
0.47,-1.78,0.00607,-0.1664
0.47,-1.03,0.00608,-0.0769
0.47,-0.08,0.00677,0.0373
0.47,-0.07,0.00754,0.0364
0.47,2.26,0.00607,0.3085
0.47,3.54,0.00642,0.4593
0.47,5.19,0.00759,0.6541
0.47,6.02,0.00784,0.7435
0.47,6.98,0.01243,0.8391
0.47,7.80,0.01802,0.8977
0.47,8.76,0.03144,0.9468
0.47,9.86,0.05248,0.9739
0.47,10.75,0.06932,0.9847
0.52,-3.59,0.01531,-0.3749
0.52,-2.73,0.00999,-0.2767
0.52,-1.86,0.00760,-0.1709
0.52,-0.92,0.00647,-0.0596
0.52,-0.12,0.00667,0.0382
0.52,-0.06,0.00691,0.0413
0.52,1.64,0.00664,0.2425
0.52,3.42,0.00770,0.4642
0.52,5.12,0.00817,0.6652
0.52,6.16,0.01302,0.7750
0.52,7.05,0.02314,0.8418
0.52,8.01,0.04146,0.8772
0.52,8.79,0.05934,0.9098
0.53,-3.53,0.01427,-0.3618
0.53,-2.73,0.00784,-0.2751
0.53,-1.80,0.00686,-0.1649
0.53,-1.20,0.00658,-0.0927
0.53,-0.10,0.00738,0.0383
0.53,-0.08,0.00688,0.0412
0.53,2.44,0.00694,0.3303
0.53,3.10,0.00745,0.4073
0.53,4.33,0.00755,0.5511
0.53,5.16,0.00841,0.6458
0.53,6.19,0.01300,0.7531
0.53,6.98,0.02089,0.8193
0.53,7.84,0.03173,0.8589
0.53,8.82,0.05349,0.8979
0.53,9.81,0.07547,0.9282
0.57,-3.66,0.01666,-0.3872
0.57,-3.04,0.01141,-0.3206
0.57,-1.91,0.00763,-0.1827
0.57,-0.92,0.00706,-0.0632
0.57,-0.09,0.00680,0.0406
0.57,-0.07,0.00675,0.0424
0.57,1.83,0.00696,0.2720
0.57,3.37,0.00680,0.4659
0.57,5.09,0.01438,0.6750
0.57,5.21,0.01406,0.6886
0.57,5.89,0.01905,0.7469
0.57,6.26,0.02582,0.7775
0.57,7.12,0.03642,0.8336
0.57,7.87,0.05178,0.8550
0.57,8.98,0.07685,0.8865
0.63,-3.63,0.01832,-0.4027
0.63,-2.73,0.01098,-0.2969
0.63,-1.78,0.00752,-0.1810
0.63,-0.94,0.00694,-0.0647
0.63,-0.08,0.00615,0.0426
0.63,-0.06,0.00692,0.0457
0.63,1.90,0.00694,0.2969
0.63,3.32,0.00864,0.4860
0.63,4.21,0.01458,0.6093
0.63,5.19,0.02666,0.7065
0.63,6.13,0.03966,0.7785
0.63,6.93,0.05260,0.8247
0.67,-3.85,0.02366,-0.4473
0.67,-2.77,0.01328,-0.3158
0.67,-1.83,0.00787,-0.1854
0.67,-1.04,0.00723,-0.0857
0.67,-0.12,0.00732,0.0464
0.67,-0.08,0.00646,0.0486
0.67,1.84,0.00698,0.3032
0.67,2.64,0.00916,0.4164
0.67,4.30,0.02566,0.6516
0.67,5.18,0.03797,0.7482
0.67,6.08,0.05710,0.8123
0.67,7.04,0.08103,0.8351
0.72,-3.63,0.02878,-0.4937
0.72,-2.82,0.01725,-0.3620
0.72,-1.78,0.00946,-0.1964
0.72,-0.93,0.00702,-0.0691
0.72,-0.09,0.00666,0.0531
0.72,1.68,0.00819,0.3074
0.72,3.37,0.02389,0.5881
0.72,4.28,0.04085,0.7155
0.72,4.95,0.05859,0.7793
0.72,6.01,0.07654,0.8284
0.78,-3.40,0.04185,-0.5684
0.78,-2.62,0.02433,-0.4128
0.78,-1.84,0.01145,-0.2498
0.78,-1.08,0.00774,-0.1073
0.78,-0.15,0.00644,0.0639
0.78,-0.10,0.00592,0.0652
0.78,1.43,0.01051,0.3174
0.78,2.29,0.01918,0.5028
0.78,3.33,0.04518,0.6596
0.78,4.13,0.07166,0.7095
