i\RPM	0	1	2	3	4	5	6	7	8	9	10	11	12	13	14	15	16	17	18	19	
2200	4.695	4.832	4.898	4.908	4.870	4.795	4.687	4.552	4.395	4.218	4.025	3.819	3.600	3.372	3.136	2.893	2.645	2.393	2.138	1.882	
2420	4.693	4.831	4.898	4.907	4.870	4.796	4.688	4.554	4.397	4.221	4.028	3.822	3.604	3.376	3.139	2.896	2.648	2.395	2.140	1.883	
2640	4.692	4.830	4.897	4.908	4.871	4.796	4.690	4.556	4.399	4.223	4.031	3.824	3.606	3.378	3.141	2.898	2.649	2.395	2.139	1.881	
2860	4.691	4.830	4.897	4.907	4.871	4.797	4.691	4.557	4.401	4.225	4.033	3.826	3.608	3.379	3.142	2.898	2.648	2.393	2.136	1.877	
3080	4.691	4.830	4.898	4.908	4.873	4.799	4.693	4.559	4.403	4.227	4.035	3.828	3.609	3.379	3.141	2.895	2.644	2.388	2.128	1.867	
3300	4.691	4.830	4.898	4.910	4.874	4.801	4.695	4.561	4.405	4.229	4.036	3.828	3.608	3.377	3.137	2.890	2.636	2.378	2.116	1.852	
3520	4.691	4.830	4.898	4.910	4.875	4.802	4.696	4.563	4.406	4.230	4.036	3.828	3.606	3.374	3.133	2.883	2.627	2.367	2.102	1.836	
3740	4.691	4.830	4.899	4.912	4.877	4.803	4.698	4.564	4.407	4.230	4.035	3.825	3.602	3.367	3.123	2.871	2.612	2.347	2.079	1.810	
3960	4.691	4.831	4.900	4.913	4.878	4.805	4.699	4.565	4.407	4.229	4.032	3.820	3.595	3.357	3.110	2.853	2.590	2.321	2.049	1.775	
